0.20738
0.28778
0.47486
0.23807
0.28613
0.202145
0.467735
0.39293
0.454535
0.30056
0.23789
0.3488
0.28232
0.267995
0.22895
0.252095
0.301715
0.376565
0.248885
0.213005
0.30431
0.532505
0.260375
0.22247
0.234605
0.401255
0.230855
0.225815
0.232415
0.515405
0.471575
0.475595
0.24986
0.2126
0.294215
0.551825
0.325355
0.24995
0.328115
0.344795
0.23066
0.227825
0.20009
0.202325
0.45521
0.499685
0.33176
0.3947
0.23489
0.581285
0.248945
0.440375
0.261845
0.38387
0.383825
0.328055
0.21932
0.277895
0.337985
0.499415
0.21242
0.200495
0.24911
0.524015
0.35288
0.227225
0.51311
0.24215
0.20777
0.47249
0.338615
0.25127
0.20132
0.20576
0.308315
0.21932
0.23459
0.495485
0.20375
0.29906
0.219485
0.421025
0.21884
0.35069
0.236795
0.351845
0.20111
0.419705
0.210935
0.24566
0.241865
0.23729
0.21923
0.3044
0.22844
0.24275
0.648035
0.22913
0.217415
0.24224
0.228695
0.273005
0.337685
0.223505
0.21797
0.244385
0.3521
0.201155
0.227375
0.20531
0.427325
0.311585
0.209885
0.209375
0.22856
0.24839
0.33794
0.237095
0.21923
0.311525
0.203345
0.46421
0.330665
0.276785
0.6128
0.29015
0.4019
0.243425
0.202925
0.45197
0.207695
0.21785
0.229115
0.30629
0.483245
0.27587
0.228485
0.269315
0.20159
0.395615
0.650615
0.223175
0.211775
0.371645
0.232625
0.251315
0.22019
0.25778
0.57581
0.443075
0.293495
0.20648
0.2123
0.357635
0.347345
0.225155
0.20261
0.203645
0.25544
0.278045
0.254585
0.33047
0.33284
0.282485
0.488375
0.32363
0.22301
0.24428
0.340805
0.30164
0.346445
0.206345
0.222395
0.221495
0.23174
0.200975
0.391445
0.21878
0.49748
0.204335
0.253295
0.20468
0.62156
0.542315
0.480305
0.38189
0.27209
0.207365
0.2333
0.317465
0.208985
0.210005
0.45146
0.2303
0.228305
0.204035
0.25892
0.22091
0.242645
0.633815
0.34658
0.234995
0.216635
0.56639
0.360005
0.420605
0.21782
0.29132
0.25097
0.284885
0.343055
0.23462
0.23177
0.429905
0.224105
0.26474
0.22289
0.399035
0.20693
0.225005
0.23414
0.24617
0.31787
0.24926
0.21416
0.225515
0.211625
0.23333
0.57992
0.26789
0.23777
0.39413
0.254975
0.39866
0.200225
0.21059
0.26282
0.41783
0.212645
0.231845
0.202145
0.21884
0.567035
0.226265
0.211985
0.26789
0.312365
0.27956
0.330185
0.57239
0.28253
0.2774
0.337745
0.21263
0.262175
0.294755
0.49661
0.248825
0.35258
0.20189
0.504155
0.51092
0.408575
0.6857
0.32633
0.238175
0.256235
0.328625
0.27275
0.26381
0.281765
0.21656
0.314945
0.262205
0.222155
0.37721
0.295085
0.485735
0.393155
0.498365
0.282545
0.26777
0.2192
0.23492
0.395705
0.27884
0.257075
0.20141
0.273695
0.275885
0.228665
0.238295
0.211475
0.300695
0.201605
0.32687
0.27362
0.474185
0.265145
0.33155
0.2444
0.21962
0.34892
0.245735
0.200645
0.214025
0.62513
0.331055
0.25664
0.201605
0.34703
0.378725
0.2183
0.23456
0.200615
0.218795
0.69953
0.291875
0.254585
0.2117
0.241145
0.22334
0.3473
0.213305
0.20279
0.224975
0.23348
0.21698
0.22826
0.48323
0.30359
0.281315
0.211625
0.426005
0.380555
0.57431
0.20543
0.36038
0.204095
0.499985
0.252455
0.204335
0.226895
0.214475
0.341045
0.33041
0.24512
0.20774
0.218675
0.217115
0.209765
0.202055
0.226295
0.37583
0.22004
0.480695
0.243245
0.24473
0.207755
0.238505
0.374615
0.24632
0.499775
0.211205
0.33083
0.201725
0.214805
0.290315
0.355205
0.36527
0.32222
0.200315
0.223625
0.205025
0.3383
0.20273
0.427625
0.362285
0.20888
0.26921
0.267575
0.31469
0.217655
0.240575
0.24035
0.25532
0.229895
0.38555
0.38222
0.52331
0.34241
0.47438
0.230435
0.4244
0.231425
0.208835
0.23093
0.30674
0.332555
0.278765
0.20366
0.25454
0.23912
0.65465
0.2186
0.592595
0.211385
0.256595
0.462245
0.23699
0.490475
0.49415
0.31028
0.2306
0.428705
0.341645
0.26486
0.254225
0.26744
0.43307
0.21056
0.20297
0.338885
0.380495
0.3848
0.302795
0.485855
0.222425
0.284225
0.285965
0.22358
0.396785
0.21383
0.48671
0.55784
0.21749
0.3053
0.243755
0.229385
0.36701
0.660425
0.53738
0.30029
0.314285
0.40157
0.217805
0.219215
0.475325
0.31712
0.286685
0.2687
0.22853
0.240155
0.20174
0.25313
0.228995
0.209315
0.21329
0.311585
0.236945
0.47186
0.48662
0.48845
0.219245
0.212735
0.396665
0.493175
0.21701
0.31034
0.213785
0.2822
0.242465
0.483815
0.44876
0.368825
0.386165
0.43235
0.297455
0.221075
0.22439
0.206075
0.32474
0.23441
0.22613
0.22283
0.257735
0.43466
0.21032
0.202745
0.42917
0.22292
0.20135
0.22886
0.204395
0.208235
0.47006
0.433235
0.29384
0.205355
0.219065
0.22937
0.456575
0.24578
0.25829
0.49511
0.21281
0.372815
0.214265
0.224585
0.211355
0.229655
0.264065
0.28676
0.2003
0.204005
0.2357
0.231635
0.247805
0.203525
0.23018
0.460625
0.288185
0.27317
0.30386
0.234605
0.23816
0.598565
0.26093
0.31793
0.39029
0.211865
0.24626
0.274235
0.234155
0.21857
0.59561
0.242975
0.21314
0.21344
0.203825
0.233765
0.243935
0.22328
0.20369
0.232595
0.276575
0.207845
0.20381
0.207065
0.495095
0.318035
0.29162
0.22466
0.25895
0.437855
0.322115
0.21182
0.35378
0.23372
0.335645
0.266555
0.31745
0.220085
0.252965
0.216155
0.366335
0.23966
0.211655
0.20345
0.269255
0.22919
0.24707
0.21389
0.324545
0.487985
0.425765
0.213815
0.38018
0.26357
0.269075
0.327995
0.231215
0.245075
0.200195
0.32519
0.67328
0.249185
0.371495
0.203885
0.31814
0.21719
0.21524
0.35603
0.3086
0.22193
0.28652
0.22604
0.30245
0.446345
0.287285
0.23585
0.28247
0.246905
0.318575
0.42728
0.245495
0.20123
0.23909
0.41021
0.21122
0.23504
0.20624
0.315995
0.252545
0.48644
0.22715
0.293225
0.244835
0.38711
0.204305
0.230975
0.26906
0.203015
0.576575
0.468545
0.273335
0.207695
0.30947
0.602015
0.24455
0.234995
0.6629
0.3911
0.330635
0.210065
0.25229
0.261815
0.22976
0.22532
0.49538
0.21425
0.20633
0.204845
0.24284
0.209255
0.22229
0.25841
0.213545
0.513065
0.264185
0.267065
0.29255
0.23111
0.558335
0.2594
0.23747
0.229535
0.46211
0.673595
0.240305
0.206105
0.203825
0.577265
0.26777
0.267215
0.233855
0.22718
0.609815
0.48494
0.20324
0.247295
0.207485
0.25931
0.48266
0.226895
0.25793
0.234905
0.37604
0.34484
0.494555
0.24797
0.2324
0.488885
0.373955
0.25367
0.289535
0.26861
0.222485
0.259355
0.49319
0.337325
0.41888
0.2093
0.522545
0.20417
0.321395
0.20243
0.206135
0.225545
0.227465
0.235805
0.27701
0.21728
0.20969
0.207155
0.317645
0.56525
0.23285
0.36911
0.25658
0.202835
0.224255
0.484895
0.257375
0.34958
0.284795
0.247505
0.27356
0.25703
0.472025
0.207695
0.20147
0.22685
0.436505
0.228095
0.20666
0.2834
0.21137
0.317315
0.225035
0.4007
0.20033
0.23174
0.20183
0.22169
0.20984
0.434495
0.232955
0.389465
0.200915
0.224825
0.497135
0.269285
0.2549
0.4769
0.21662
0.246995
0.22181
0.264215
0.410345
0.339875
0.2483
0.2099
0.209165
0.2132
0.36779
0.22688
0.238775
0.25394
0.37865
0.28175
0.209405
0.2213
0.252785
0.754085
0.20735
0.32189
0.23507
0.49319
0.21827
0.2126
0.235565
0.280715
0.556475
0.299945
0.301775
0.58484
0.20945
0.200975
0.203885
0.31844
0.252695
0.25706
0.272465
0.227195
0.223325
0.21977
0.236645
0.264875
0.63419
0.200435
0.3122
0.372215
0.220835
0.204665
0.517985
0.556805
0.21341
0.464615
0.20795
0.250235
0.201665
0.20546
0.230165
0.64493
0.201275
0.211505
0.33167
0.222845
0.278765
0.42047
0.455
0.261335
0.601805
0.345545
0.2132
0.21059
0.25673
0.21083
0.326045
0.24263
0.241625
0.2189
0.25325
0.367535
0.213005
0.214025
0.245195
0.4451
0.47573
0.497705
0.2078
0.20483
0.439445
0.2252
0.2165
0.45065
0.280145
0.441335
0.486965
0.20177
0.335345
0.242405
0.335555
0.28937
0.465245
0.234095
0.313595
0.43679
0.255545
0.225695
0.26195
0.203285
0.430985
0.279575
0.205865
0.2381
0.20219
0.24917
0.203015
0.21242
0.481325
0.24029
0.253685
0.266915
0.202205
0.20336
0.22673
0.208745
0.20063
0.21464
0.290645
0.223145
0.26921
0.21767
0.225365
0.29489
0.495095
0.54563
0.338345
0.261425
0.2297
0.24611
0.496175
0.215825
0.448355
0.305225
0.22244
0.208295
0.202835
0.33776
0.30008
0.215585
0.27479
0.384845
0.463655
0.37019
0.214505
0.22529
0.214535
0.204335
0.29192
0.3449
0.203645
0.206015
0.20039
0.28997
0.232025
0.36146
0.202625
0.42545
0.220115
0.20414
0.26963
0.23441
0.27674
0.40232
0.371855
0.251075
0.219245
0.38945
0.226085
0.23783
0.20846
0.34406
0.391325
0.347405
0.3344
0.206375
0.269165
0.36338
0.38789
0.243515
0.200915
0.232715
0.25655
0.546725
0.222605
0.20366
0.21581
0.363635
0.23327
0.21125
0.23723
0.223865
0.21689
0.200555
0.297485
0.202505
0.20108
0.248345
0.4877
0.27425
0.35897
0.73025
0.361205
0.38978
0.24077
0.409835
0.223475
0.228185
0.20192
0.34214
0.29957
0.20279
0.20918
0.236765
0.436415
0.22868
0.205325
0.22286
0.21842
0.22184
0.212135
0.35624
0.37664
0.228605
0.201785
0.465005
0.259505
0.62351
0.22316
0.27932
0.227765
0.220205
0.21035
0.313145
0.29165
0.38552
0.48164
0.21551
0.520835
0.39512
0.20243
0.5735
0.54821
0.378065
0.210995
0.225245
0.297515
0.236465
0.201725
0.235715
0.255455
0.203885
0.369695
0.214775
0.223805
0.26954
0.29672
0.55112
0.26762
0.376205
0.557945
0.333035
0.227405
0.219995
0.258455
0.28448
0.36701
0.40004
0.235595
0.221435
0.226655
0.42008
0.21431
0.21449
0.324485
0.407615
0.284105
0.213905
0.24059
0.2039
0.205655
0.279455
0.206435
0.214325
0.20498
0.231695
0.307775
0.319775
0.466325
0.20054
0.231125
0.24392
0.246815
0.301355
0.23678
0.26951
0.23609
0.23096
0.561005
0.26291
0.386015
0.21098
0.44309
0.241415
0.220805
0.243665
0.349235
0.3956
0.20525
0.21227
0.447485
0.23912
0.208115
0.22394
0.359855
0.231785
0.251555
0.37007
0.401345
0.21236
0.27953
0.299075
0.22238
0.3893
0.42575
0.431
0.200255
0.2087
0.415205
0.3749
0.363125
0.23966
0.455405
0.208115
0.643595
0.267095
0.21428
0.233915
0.20225
0.24527
0.274985
0.20381
0.36815
0.27116
0.296525
0.22772
0.55658
0.644045
0.202475
0.47765
0.370055
0.30254
0.54659
0.56228
0.27944
0.29669
0.235235
0.2537
0.352295
0.23585
0.22517
0.26774
0.24839
0.205295
0.216455
0.40796
0.291125
0.31895
0.28121
0.2183
0.26654
0.51932
0.41978
0.2126
0.275405
0.226295
0.329015
0.470225
0.260495
0.45995
0.362705
0.25121
0.296885
0.246245
0.326765
0.229415
0.202025
0.320105
0.20498
0.215135
0.512525
0.31262
0.545285
0.24791
0.21488
0.44435
0.20222
0.49595
0.219365
0.21764
0.36803
0.29396
0.25991
0.363035
0.274025
0.201125
0.20984
0.243635
0.230585
0.230195
0.207035
0.203
0.31658
0.218405
0.26477
0.48389
0.2867
0.231995
0.21917
0.200375
0.214415
0.347375
0.20378
0.20279
0.20633
0.366395
0.21215
0.22826
0.69752
0.219395
0.2123
0.29405
0.23126
0.21233
0.28325
0.2603
0.2231
0.204995
0.26858
0.200675
0.20036
0.20156
0.41684
0.66005
0.36488
0.21557
0.371765
0.200255
0.231545
0.20345
0.28454
0.203885
0.30608
0.5741
0.293765
0.40184
0.200195
0.22394
0.24959
0.201425
0.46961
0.246755
0.25349
0.4082
0.263015
0.44498
0.282455
0.43433
0.479195
0.27365
0.275525
0.210965
0.34742
0.24179
0.290375
0.56069
0.3218
0.207095
0.45593
0.202445
0.24992
0.287435
0.3869
0.36257
0.250325
0.340865
0.20957
0.418955
0.25244
0.3188
0.423875
0.21125
0.469625
0.21056
0.488045
0.656255
0.453665
0.211415
0.579245
0.29117
0.20282
0.21545
0.2429
0.25382
0.298025
0.203375
0.205955
0.213245
0.27905
0.27131
0.20159
0.413165
0.234725
0.218495
0.40835
0.22937
0.256055
0.34079
0.21587
0.210935
0.22622
0.28634
0.207815
0.22955
0.277355
0.20363
0.29927
0.37553
0.265085
0.2327
0.21158
0.354965
0.291305
0.26753
0.20435
0.205745
0.38006
0.205325
0.204575
0.220715
0.247835
0.267275
0.24638
0.393485
0.430325
0.22025
0.212345
0.236855
0.20213
0.23699
0.22607
0.23894
0.246455
0.2678
0.21869
0.220025
0.345215
0.441485
0.234935
0.352115
0.382265
0.317015
0.238385
0.376475
0.21257
0.204155
0.354995
0.72884
0.240845
0.20993
0.225125
0.226235
0.200765
0.31151
0.234275
0.203225
0.245
0.26066
0.262865
0.258275
0.298115
0.26378
0.25541
0.591395
0.3542
0.426395
0.209855
0.32177
0.30746
0.27677
0.228995
0.316745
0.26453
0.353945
0.264755
0.30935
0.21215
0.62753
0.244295
0.20666
0.255875
0.20279
0.288455
0.300665
0.20003
0.210815
0.20873
0.316145
0.22211
0.224795
0.30671
0.225635
0.41147
0.26948
0.27008
0.26678
0.22304
0.55376
0.220385
0.205355
0.20504
0.363155
0.25607
0.279395
0.238025
0.211295
0.23861
0.21797
0.21017
0.231395
0.32462
0.288725
0.20804
0.4757
0.35021
0.20453
0.202025
0.211655
0.300545
0.22487
0.41471
0.205505
0.378365
0.228245
0.303275
0.2555
0.260585
0.28097
0.334025
0.25304
0.357935
0.23462
0.259685
0.30536
0.37502
0.20831
0.354065
0.20996
0.29504
0.22826
0.212675
0.218915
0.223715
0.34673
0.201425
0.31904
0.212435
0.214325
0.275135
0.20423
0.20147
0.264545
0.28352
0.27509
0.27518
0.325085
0.231005
0.305615
0.201275
0.48746
0.20459
0.253355
0.37034
0.22637
0.412595
0.24494
0.341135
0.24791
0.29867
0.22175
0.206465
0.22691
0.23093
0.24317
0.396155
0.510575
0.464435
0.246365
0.21335
0.47081
0.4136
0.24257
0.391385
0.465185
0.23384
0.35243
0.2816
0.22847
0.236615
0.418445
0.221495
0.26753
0.393395
0.662075
0.2072
0.26276
0.45566
0.582245
0.20501
0.28313
0.231635
0.442655
0.43241
0.31193
0.200285
0.202295
0.26006
0.213815
0.22421
0.462725
0.243695
0.22322
0.20054
0.2075
0.236975
0.249305
0.238175
0.200495
0.419945
0.212
0.242855
0.22946
0.250205
0.256205
0.224945
0.230225
0.234905
0.293615
0.265745
0.284495
0.27185
0.23195
0.35258
0.207605
0.21806
0.217235
0.203915
0.234515
0.27932
0.31454
0.325145
0.520115
0.236075
0.304565
0.5981
0.37481
0.211925
0.340445
0.200615
0.270485
0.348185
0.49994
0.448685
0.471635
0.2792
0.283205
0.57245
0.247565
0.32888
0.254285
0.200885
0.247025
0.203825
0.39788
0.20453
0.210335
0.432845
0.23525
0.288875
0.207365
0.46226
0.297485
0.250025
0.46859
0.322025
0.3899
0.55532
0.31538
0.725645
0.23432
0.208205
0.21242
0.22616
0.214115
0.244925
0.22568
0.21326
0.249095
0.58502
0.279035
0.32297
0.24047
0.205625
0.22808
0.280865
0.31862
0.24383
0.274625
0.25217
0.200105
0.223265
0.2105
0.2297
0.20564
0.228305
0.213095
0.31799
0.2006
0.203855
0.49988
0.21008
0.329105
0.21989
0.22337
0.26414
0.32519
0.349145
0.219245
0.302915
0.220715
0.28649
0.413375
0.202985
0.32774
0.250685
0.302705
0.54062
0.20573
0.200405
0.333335
0.423785
0.25841
0.28613
0.617915
0.213275
0.22235
0.350795
0.227075
0.57992
0.20213
0.26879
0.452645
0.26903
0.326585
0.33086
0.33779
0.258545
0.279395
0.31442
0.269525
0.453785
0.49868
0.205625
0.32345
0.287105
0.23858
0.35765
0.238895
0.25757
0.514475
0.39908
0.210605
0.209825
0.435575
0.367205
0.206315
0.240785
0.47357
0.247205
0.20294
0.211835
0.32141
0.21596
0.218375
0.56072
0.249935
0.20171
0.605855
0.223685
0.23024
0.230615
0.41525
0.200645
0.26027
0.216815
0.274085
0.28016
0.48713
0.22538
0.215855
0.258725
0.217655
0.213845
0.263765
0.45263
0.257585
0.205025
0.27824
0.24995
0.2666
0.482075
0.45515
0.28019
0.209615
0.209045
0.2045
0.31058
0.275345
0.257855
0.202805
0.294065
0.290675
0.20309
0.253715
0.57065
0.21863
0.335435
0.285155
0.225605
0.51752
0.33077
0.28733
0.322625
0.20879
0.26177
0.214745
0.214025
0.381725
0.205955
0.21119
0.207695
0.578405
0.227555
0.24359
0.28643
0.54728
0.221585
0.219725
0.213635
0.466715
0.20024
0.337145
0.21659
0.293225
0.43175
0.34205
0.31385
0.212165
0.25406
0.30542
0.247325
0.20429
0.53687
0.24242
0.222545
0.207275
0.28088
0.3014
0.645665
0.2804
0.20678
0.321365
0.374525
0.46256
0.49157
0.20537
0.22127
0.270575
0.227345
0.296405
0.47879
0.23378
0.40157
0.39761
0.444215
0.231635
0.31853
0.348545
0.208535
0.399845
0.357245
0.34982
0.257585
0.53327
0.24773
0.40463
0.21977
0.248495
0.294965
0.59894
0.32267
0.43418
0.201455
0.26354
0.21497
0.216425
0.246815
0.23015
0.299015
0.222515
0.263345
0.363455
0.241565
0.243095
0.30515
0.45077
0.224435
0.26
0.36578
0.27755
0.21542
0.2042
0.465305
0.208835
0.204065
0.41288
0.608195
0.34055
0.65027
0.287015
0.20063
0.210635
0.278915
0.245225
0.45437
0.292145
0.21032
0.32453
0.48794
0.24491
0.28424
0.22592
0.30719
0.269045
0.24809
0.209615
0.33818
0.22562
0.304025
0.35417
0.25325
0.474575
0.38351
0.212675
0.284435
0.26561
0.319385
0.215825
0.268235
0.49373
0.23012
0.555125
0.22112
0.37562
0.38258
0.244145
0.31766
0.23156
0.220925
0.239705
0.2705
0.235295
0.315725
0.307205
0.36755
0.344435
0.22658
0.20075
0.446075
0.231395
0.21449
0.247415
0.22232
0.21734
0.319955
0.65207
0.344225
0.28865
0.24743
0.27512
0.24167
0.431405
0.20456
0.23267
0.48815
0.310355
0.263165
0.23291
0.3737
0.200825
0.58025
0.303605
0.200855
0.245855
0.25025
0.299465
0.28394
0.22283
0.221495
0.61205
0.20345
0.275855
0.219935
0.204605
0.21071
0.29402
0.270215
0.219845
0.739625
0.28922
0.25145
0.22109
0.21659
0.30197
0.24974
0.2102
0.340835
0.448535
0.27788
0.340865
0.309605
0.307205
0.44006
0.33116
0.726635
0.30617
0.480485
0.22931
0.207695
0.246365
0.324545
0.36959
0.214235
0.25394
0.25466
0.34502
0.332285
0.294905
0.22331
0.20402
0.21026
0.336965
0.28292
0.21209
0.34241
0.464705
0.399605
0.21338
0.360875
0.244175
0.31019
0.2621
0.201785
0.250385
0.220385
0.485105
0.26081
0.303275
0.32228
0.218495
0.247955
0.202235
0.20414
0.554585
0.232235
0.213545
0.21422
0.20504
0.206225
0.215765
0.55802
0.53798
0.487115
0.22208
0.26945
0.213755
0.26105
0.413255
0.21152
0.277895
0.23405
0.216395
0.28829
0.20162
0.40049
0.37493
0.212285
0.284135
0.257615
0.2051
0.21461
0.32549
0.66551
0.274775
0.489125
0.250265
0.335015
0.20768
0.259205
0.22967
0.47441
0.31505
0.248315
0.27686
0.247445
0.236825
0.25439
0.253385
0.240215
0.2666
0.200675
0.222065
0.479945
0.240245
0.390395
0.200945
0.339695
0.258095
0.210605
0.244385
0.2978
0.262235
0.375395
0.27593
0.34985
0.31496
0.2084
0.334835
0.645545
0.476765
0.321785
0.26051
0.29294
0.678335
0.33086
0.2069
0.236645
0.331535
0.2432
0.20978
0.204125
0.2309
0.458285
0.619085
0.22256
0.214925
0.415895
0.223895
0.249905
0.27449
0.31391
0.2384
0.212225
0.220295
0.36338
0.21221
0.247175
0.23693
0.20792
0.233045
0.26891
0.269195
0.25277
0.2627
0.313925
0.41573
0.228215
0.206015
0.211685
0.273275
0.24284
0.248585
0.278225
0.209585
0.267755
0.256505
0.37688
0.372035
0.326015
0.24368
0.216125
0.201905
0.254975
0.681155
0.464855
0.225035
0.320345
0.306125
0.29465
0.23132
0.203105
0.2282
0.41885
0.23945
0.222125
0.309935
0.22751
0.256775
0.22484
0.219965
0.207515
0.273305
0.59681
0.22382
0.244535
0.38519
0.46523
0.409865
0.20519
0.266525
0.346505
0.231605
0.30572
0.282995
0.24326
0.245555
0.209705
0.204875
0.290975
0.31964
0.341165
0.34817
0.23687
0.238415
0.34097
0.51374
0.69662
0.20381
0.319715
0.57149
0.265265
0.535115
0.20114
0.31343
0.33509
0.53666
0.357785
0.263285
0.56258
0.412985
0.255515
0.225365
0.399665
0.399245
0.240635
0.215465
0.3536
0.354335
0.31148
0.206945
0.495545
0.22598
0.307355
0.35912
0.207185
0.21104
0.47147
0.319865
0.278375
0.25019
0.447875
0.24803
0.24893
0.207545
0.20645
0.61697
0.25169
0.214235
0.495335
0.381425
0.24593
0.381455
0.20351
0.26204
0.705395
0.265595
0.21587
0.2219
0.241025
0.59585
0.23702
0.485555
0.6695
0.23018
0.310145
0.256475
0.42194
0.20108
0.33566
0.222455
0.227435
0.240365
0.52724
0.235565
0.266015
0.360575
0.404585
0.2621
0.482525
0.25391
0.220235
0.538715
0.223115
0.29729
0.30662
0.319235
0.237395
0.258245
0.220055
0.20006
0.285215
0.49577
0.606365
0.215165
0.213605
0.287345
0.202775
0.452975
0.248525
0.321245
0.32966
0.352535
0.30302
0.21398
0.20879
0.20501
0.26507
0.211325
0.274025
0.35195
0.281255
0.20687
0.248855
0.38
0.48914
0.20339
0.24857
0.222575
0.3626
0.28667
0.20693
0.267365
0.26726
0.479825
0.20909
0.22706
0.47984
0.30818
0.453215
0.23597
0.27716
0.205175
0.454565
0.206465
0.253835
0.218705
0.315665
0.421145
0.296195
0.590585
0.25529
0.209585
0.23342
0.422135
0.322715
0.291815
0.287615
0.209195
0.28571
0.2756
0.766775
0.253445
0.30767
0.221015
0.4505
0.226145
0.23333
0.36038
0.20174
0.314015
0.254555
0.22277
0.20267
0.35714
0.53783
0.425645
0.256565
0.21962
0.26132
0.403925
0.338045
0.233975
0.23129
0.202355
0.38291
0.202325
0.346085
0.21296
0.38906
0.23093
0.30335
0.23354
0.325115
0.23537
0.25577
0.20948
0.241775
0.362105
0.235055
0.236105
0.25544
0.20744
0.234395
0.315665
0.467495
0.2348
0.24659
0.21125
0.25289
0.32654
0.26753
0.303395
0.3197
0.216905
0.27215
0.26831
0.30278
0.22088
0.359885
0.31397
0.26942
0.243635
0.3287
0.32879
0.212555
0.211745
0.361265
0.450485
0.22094
0.47903
0.299195
0.24125
0.225725
0.20594
0.23711
0.432815
0.215
0.260045
0.259505
0.588935
0.26474
0.340025
0.234035
0.26846
0.414215
0.234815
0.26228
0.20465
0.39164
0.574205
0.222725
0.24824
0.273575
0.211145
0.213305
0.35693
0.26465
0.24095
0.23312
0.30572
0.35945
0.272975
0.28067
0.21734
0.360965
0.38531
0.202805
0.618635
0.247175
0.27077
0.297545
0.231305
0.2735
0.325385
0.22463
0.24638
0.24269
0.26453
0.67838
0.26366
0.211715
0.58061
0.216335
0.313145
0.27797
0.42209
0.27143
0.26087
0.35048
0.20102
0.443375
0.28247
0.362675
0.30002
0.24389
0.45503
0.20822
0.200015
0.62813
0.27098
0.29201
0.26111
0.212885
0.269285
0.214535
0.20825
0.2015
0.240485
0.20453
0.251645
0.25742
0.472775
0.213305
0.360815
0.609995
0.214865
0.240215
0.20234
0.679115
0.20369
0.355925
0.22556
0.642515
0.25652
0.56942
0.25883
0.258875
0.261425
0.60098
0.20285
0.31556
0.262865
0.21296
0.26306
0.24266
0.2321
0.220955
0.458075
0.28106
0.329195
0.3893
0.212915
0.25472
0.210575
0.20213
0.354545
0.25208
0.339335
0.33614
0.568745
0.203315
0.49796
0.39845
0.603305
0.571265
0.27041
0.221825
0.334385
0.45098
0.49184
0.24611
0.60149
0.31877
0.20966
0.2108
0.286265
0.307475
0.271745
0.37247
0.202595
0.22133
0.31184
0.496145
0.435125
0.370955
0.22367
0.35528
0.45629
0.304085
0.2132
0.278225
0.20678
0.207755
0.31664
0.21047
0.286025
0.280295
0.28178
0.258545
0.281435
0.20999
0.26087
0.200075
0.234515
0.23552
0.26597
0.212495
0.35021
0.305945
0.3155
0.233135
0.200405
0.321185
0.323345
0.390425
0.461705
0.440435
0.22433
0.23741
0.2372
0.313415
0.21668
0.2819
0.26294
0.233435
0.43895
0.431915
0.4334
0.23924
0.40133
0.29315
0.589835
0.203345
0.224015
0.22697
0.215975
0.24302
0.26087
0.253985
0.20729
0.219575
0.258185
0.210755
0.774005
0.232475
0.281975
0.3125
0.207425
0.354935
0.30092
0.227405
0.277655
0.22247
0.281855
0.210845
0.59858
0.31694
0.208205
0.25994
0.43526
0.347105
0.236975
0.22055
0.2459
0.27488
0.545015
0.23942
0.205895
0.30926
0.211835
0.233045
0.20753
0.294845
0.461975
0.54056
0.20483
0.20405
0.32945
0.629555
0.426635
0.23693
0.21764
0.29135
0.344
0.28529
0.282815
0.589895
0.22844
0.48566
0.203555
0.21563
0.2216
0.20558
0.249515
0.28088
0.22697
0.40535
0.244655
0.389465
0.21857
0.279095
0.20186
0.257525
0.214355
0.21815
0.21611
0.227525
0.31559
0.20816
0.297005
0.22925
0.241355
0.20459
0.20138
0.245225
0.465365
0.25427
0.484445
0.22799
0.20828
0.23291
0.24836
0.226775
0.22511
0.408545
0.36788
0.20621
0.21284
0.26669
0.202175
0.223745
0.2012
0.22046
0.334205
0.205415
0.233825
0.373625
0.22151
0.258965
0.33737
0.213785
0.327875
0.206765
0.20546
0.360125
0.23318
0.36074
0.227405
0.302675
0.698885
0.232505
0.232925
0.25868
0.21776
0.239195
0.220415
0.20072
0.205205
0.23609
0.232805
0.202745
0.271355
0.27227
0.62036
0.207695
0.24872
0.309305
0.201365
0.42437
0.60662
0.567875
0.24548
0.20225
0.21074
0.216665
0.274715
0.29792
0.53426
0.301025
0.33464
0.538775
0.29063
0.26942
0.25514
0.24341
0.603875
0.20357
0.361325
0.392075
0.277265
0.20774
0.28919
0.246395
0.22637
0.3767
0.42044
0.296015
0.377855
0.477995
0.33938
0.214775
0.411665
0.225125
0.204065
0.275465
0.436115
0.23489
0.20066
0.25052
0.48371
0.314135
0.20636
0.59555
0.238895
0.250235
0.248375
0.28607
0.489875
0.234215
0.212795
0.48776
0.258575
0.25484
0.31913
0.32636
0.22661
0.246455
0.21683
0.30392
0.375905
0.214955
0.543305
0.42923
0.20462
0.206255
0.33956
0.457055
0.21374
0.20159
0.325985
0.424115
0.238115
0.271535
0.336785
0.247025
0.34478
0.20555
0.551075
0.53342
0.49319
0.31016
0.237845
0.25289
0.41357
0.25667
0.333575
0.23573
0.24008
0.58172
0.2339
0.271805
0.49004
0.204275
0.27311
0.28652
0.251705
0.400835
0.22034
0.261125
0.333785
0.21239
0.57806
0.294155
0.39422
0.27188
0.279665
0.25385
0.467795
0.28625
0.21404
0.234845
0.370325
0.263555
0.334325
0.471215
0.20609
0.371735
0.22853
0.301895
0.313295
0.212345
0.39638
0.221615
0.20174
0.244775
0.204845
0.67802
0.37904
0.24422
0.495815
0.602225
0.281135
0.20801
0.32204
0.20018
0.27197
0.201005
0.201185
0.22496
0.202265
0.244235
0.258485
0.21662
0.240485
0.203495
0.37676
0.37691
0.313685
0.22037
0.36512
0.2006
0.23594
0.34187
0.22253
0.235115
0.22235
0.34619
0.24926
0.23627
0.24863
0.248375
0.271625
0.21998
0.3014
0.21644
0.250745
0.2765
0.24281
0.21686
0.335315
0.357365
0.201935
0.216545
0.24908
0.253865
0.28766
0.203555
0.21284
0.20528
0.319295
0.418145
0.61163
0.22292
0.33797
0.230645
0.21221
0.210935
0.201005
0.334535
0.249275
0.21494
0.4457
0.22715
0.25745
0.216725
0.44957
0.24281
0.23927
0.387905
0.224555
0.234575
0.33236
0.20138
0.3998
0.20285
0.339395
0.29567
0.45314
0.333245
0.213815
0.253925
0.218705
0.235505
0.230105
0.32306
0.219005
0.25529
0.37304
0.34397
0.22418
0.499325
0.36821
0.459125
0.21611
0.25058
0.2093
0.206075
0.240485
0.27872
0.218945
0.23255
0.215705
0.453785
0.244115
0.21776
0.394625
0.25454
0.201785
0.349175
0.22412
0.210365
0.233615
0.3923
0.20684
0.45458
0.3182
0.201545
0.204455
0.218405
0.23969
0.487805
0.24083
0.210605
0.23927
0.47957
0.32885
0.240695
0.21128
0.46544
0.230825
0.442415
0.287945
0.34718
0.20801
0.269825
0.23237
0.299885
0.20144
0.22904
0.20399
0.25769
0.467135
0.288035
0.200315
0.302495
0.203465
0.277685
0.20474
0.302885
0.291485
0.2663
0.35519
0.235835
0.29222
0.213095
0.382565
0.30626
0.22406
0.287225
0.30023
0.392345
0.340805
0.228545
0.23741
0.343115
0.204485
0.31442
0.21527
0.218345
0.29396
0.253895
0.769565
0.247985
0.33935
0.25214
0.35966
0.358535
0.226685
0.207515
0.28937
0.270335
0.49007
0.246635
0.21194
0.22454
0.336515
0.29564
0.34427
0.20021
0.220925
0.23102
0.48422
0.462935
0.22289
0.21167
0.21497
0.217745
0.20324
0.201215
0.263795
0.32087
0.23615
0.2294
0.236135
0.39149
0.235145
0.204395
0.33089
0.547445
0.26048
0.28724
0.21005
0.216485
0.217685
0.212795
0.227855
0.251585
0.205985
0.254315
0.204725
0.221915
0.310025
0.75788
0.455345
0.314465
0.289115
0.22121
0.39698
0.20093
0.32285
0.37655
0.20513
0.28799
0.293525
0.221315
0.442295
0.252545
0.220325
0.24725
0.230675
0.457835
0.20972
0.22916
0.23306
0.28373
0.66824
0.387515
0.20648
0.208145
0.31466
0.21407
0.312935
0.20957
0.313685
0.200585
0.20576
0.221525
0.29738
0.385985
0.229295
0.313715
0.20135
0.203375
0.25397
0.25379
0.20732
0.26498
0.258575
0.386075
0.252605
0.28745
0.220835
0.285815
0.21317
0.44102
0.2336
0.46508
0.226235
0.26987
0.578675
0.21293
0.456515
0.332735
0.219485
0.71069
0.435515
0.201365
0.223055
0.318095
0.21113
0.223265
0.413495
0.315725
0.24854
0.327695
0.496985
0.43763
0.27209
0.218495
0.540155
0.240245
0.595775
0.34196
0.217865
0.645575
0.207875
0.2891
0.47966
0.204665
0.400895
0.216155
0.257285
0.202505
0.25832
0.34913
0.64172
0.22364
0.292745
0.27875
0.204935
0.20666
0.205145
0.233375
0.484685
0.23261
0.20345
0.269255
0.265025
0.27449
0.569225
0.48227
0.31943
0.223505
0.21224
0.27185
0.207455
0.40889
0.31967
0.41528
0.21728
0.402335
0.2246
0.23174
0.412475
0.248
0.27953
0.255125
0.37037
0.215435
0.32927
0.22136
0.254855
0.222245
0.223685
0.237845
0.2318
0.55679
0.22256
0.29804
0.310475
0.220445
0.493115
0.224705
0.3941
0.227
0.28538
0.360605
0.337025
0.33806
0.200255
0.26288
0.41852
0.218
0.35108
0.24014
0.24872
0.416525
0.256775
0.48368
0.206375
0.22025
0.30878
0.224825
0.208205
0.23552
0.205115
0.232025
0.201335
0.216335
0.49292
0.477065
0.268265
0.431285
0.618185
0.20654
0.230675
0.34073
0.280085
0.551855
0.313535
0.21713
0.45812
0.262865
0.223265
0.423005
0.206
0.476885
0.205265
0.349955
0.371435
0.49949
0.21395
0.273125
0.216725
0.280745
0.31751
0.22655
0.278495
0.204635
0.426905
0.5639
0.235625
0.20345
0.21875
0.23234
0.22694
0.24347
0.237395
0.26882
0.376025
0.362975
0.220865
0.252395
0.30128
0.22013
0.207365
0.34196
0.582125
0.25913
0.25565
0.228695
0.22607
0.20258
0.388895
0.46655
0.249965
0.27713
0.20411
0.49196
0.29495
0.216335
0.20879
0.220055
0.20225
0.379145
0.204395
0.20207
0.203705
0.216665
0.606425
0.217445
0.215915
0.234965
0.4151
0.207335
0.27158
0.419825
0.24548
0.308735
0.22736
0.32912
0.219485
0.355505
0.24248
0.290285
0.226355
0.205775
0.200135
0.643475
0.236375
0.437405
0.212765
0.213095
0.28178
0.30524
0.381395
0.376625
0.391235
0.22373
0.33383
0.20525
0.277865
0.214385
0.231995
0.22394
0.302885
0.379565
0.42158
0.262595
0.35393
0.205505
0.21191
0.20447
0.255725
0.24659
0.211565
0.22241
0.20858
0.278585
0.26846
0.656345
0.21707
0.20072
0.2546
0.23438
0.21905
0.21479
0.274805
0.38792
0.350885
0.413555
0.254105
0.214895
0.20591
0.307835
0.214415
0.31541
0.227345
0.254195
0.26648
0.230585
0.20345
0.25457
0.324725
0.246275
0.28637
0.6887
0.22145
0.38201
0.22979
0.239555
0.364835
0.452525
0.227615
0.22298
0.37649
0.325205
0.23495
0.23261
0.255125
0.40106
0.319355
0.32924
0.3476
0.24758
0.30281
0.20723
0.398435
0.511955
0.251
0.326135
0.23012
0.214415
0.214175
0.491045
0.201185
0.21014
0.22637
0.307835
0.292325
0.203555
0.50846
0.23252
0.20195
0.29156
0.32564
0.209765
0.207305
0.261215
0.268265
0.33371
0.393755
0.280415
0.20858
0.239945
0.217415
0.31463
0.208445
0.269195
0.30659
0.426395
0.47009
0.222005
0.44951
0.220835
0.20315
0.3575
0.24167
0.241355
0.2996
0.49514
0.20693
0.217625
0.23855
0.61871
0.377675
0.269795
0.22064
0.551015
0.31292
0.28562
0.2528
0.23171
0.214625
0.242405
0.24035
0.48392
0.21137
0.23855
0.20162
0.332015
0.426185
0.56933
0.421595
0.4496
0.2537
0.2006
0.294455
0.27068
0.28259
0.31697
0.216695
0.2198
0.337655
0.214085
0.279575
0.436535
0.258095
0.244865
0.30188
0.27488
0.31916
0.249245
0.242705
0.354185
0.22631
0.22505
0.59174
0.23888
0.245975
0.228515
0.319445
0.29522
0.22196
0.32561
0.207815
0.223535
0.28052
0.23312
0.363425
0.21077
0.207485
0.252695
0.20027
0.333245
0.222905
0.291335
0.45245
0.27338
0.234335
0.382325
0.20054
0.490565
0.291065
0.25991
0.333365
0.20726
0.73214
0.20357
0.53399
0.27359
0.38303
0.20333
0.28607
0.221645
0.233675
0.422015
0.4862
0.310385
0.281705
0.345665
0.34154
0.21176
0.338135
0.318245
0.230585
0.240515
0.29804
0.23288
0.3257
0.213905
0.32081
0.219995
0.425375
0.222935
0.258365
0.291275
0.21209
0.204845
0.22505
0.2741
0.38129
0.236165
0.44138
0.45563
0.237965
0.33509
0.26462
0.41723
0.304805
0.234815
0.302555
0.203975
0.29201
0.25637
0.30605
0.204155
0.26828
0.267035
0.269465
0.21356
0.23417
0.21302
0.330905
0.30185
0.228245
0.48971
0.27635
0.22541
0.21722
0.27701
0.37142
0.267545
0.21887
0.21086
0.222005
0.2657
0.38849
0.221315
0.208175
0.20624
0.21413
0.24314
0.208415
0.230465
0.21089
0.25589
0.20744
0.3029
0.219245
0.218615
0.210965
0.268565
0.20588
0.261455
0.28286
0.26258
0.35405
0.22139
0.21365
0.25838
0.232835
0.214325
0.225665
0.384725
0.249365
0.266795
0.248795
0.250415
0.2168
0.286835
0.248495
0.25496
0.33794
0.211985
0.213515
0.26066
0.261485
0.433175
0.351245
0.22442
0.218735
0.49964
0.69446
0.21536
0.47009
0.313925
0.259325
0.218855
0.20363
0.236
0.237455
0.215675
0.30515
0.263255
0.255845
0.20807
0.28436
0.221105
0.578405
0.224555
0.397445
0.3155
0.2504
0.202415
0.25124
0.39602
0.200945
0.298835
0.225185
0.220205
0.204095
0.25637
0.2021
0.300395
0.22232
0.282185
0.29159
0.255515
0.210335
0.330305
0.222245
0.23363
0.418505
0.30296
0.24926
0.248
0.218555
0.203435
0.2177
0.30131
0.22478
0.21131
0.232775
0.393905
0.219605
0.222455
0.313205
0.208265
0.38615
0.39827
0.21392
0.245525
0.282125
0.364355
0.52505
0.200165
0.251315
0.207305
0.200855
0.225755
0.20138
0.35948
0.5804
0.46898
0.28766
0.22262
0.46217
0.2264
0.25664
0.43184
0.23612
0.232565
0.340355
0.232565
0.352235
0.23669
0.249095
0.216515
0.2399
0.214235
0.331295
0.473165
0.39335
0.20615
0.222575
0.374195
0.225905
0.23675
0.249095
0.35081
0.23168
0.218825
0.224675
0.41777
0.317975
0.25076
0.28934
0.361745
0.29555
0.20708
0.29288
0.44513
0.208685
0.203555
0.43478
0.34835
0.236375
0.22343
0.210545
0.39089
0.299525
0.207995
0.51254
0.25688
0.208805
0.46559
0.312965
0.21623
0.20183
0.41654
0.32264
0.252935
0.27023
0.26729
0.21782
0.278165
0.521015
0.396215
0.210815
0.300815
0.240425
0.473735
0.229475
0.20759
0.208475
0.221255
0.213425
0.41825
0.214085
0.23474
0.214385
0.25586
0.418595
0.20366
0.218855
0.339335
0.30545
0.33773
0.496415
0.28985
0.44003
0.25847
0.209195
0.261305
0.47828
0.43133
0.203945
0.53534
0.212795
0.349955
0.23114
0.214895
0.231815
0.21101
0.207725
0.38945
0.543245
0.25073
0.31055
0.23639
0.333185
0.44228
0.20864
0.440135
0.219815
0.23663
0.219485
0.212015
0.23414
0.211055
0.26231
0.227315
0.25631
0.277565
0.21095
0.21251
0.268925
0.27023
0.382895
0.26483
0.31664
0.281675
0.229415
0.374195
0.22025
0.205145
0.329585
0.34256
0.51863
0.397565
0.331325
0.27185
0.376835
0.616535
0.28535
0.248105
0.60173
0.34232
0.616895
0.319265
0.23264
0.2174
0.22037
0.22166
0.211055
0.26195
0.3524
0.29177
0.21596
0.485555
0.409655
0.399035
0.696665
0.35483
0.62564
0.27458
0.207755
0.424835
0.335795
0.218705
0.29048
0.27728
0.208115
0.22856
0.34004
0.241685
0.20582
0.30749
0.253475
0.357215
0.23357
0.22925
0.20351
0.23648
0.2747
0.244115
0.364685
0.229865
0.208565
0.318965
0.21956
0.239375
0.348905
0.31571
0.271505
0.418595
0.257855
0.467615
0.222515
0.46823
0.251795
0.265625
0.310385
0.212375
0.25844
0.203435
0.621485
0.329915
0.29396
0.20327
0.22256
0.37295
0.28112
0.26066
0.397025
0.21794
0.47621
0.237365
0.20297
0.33722
0.25757
0.634175
0.207275
0.31253
0.20201
0.322235
0.280325
0.312395
0.206285
0.216845
0.235325
0.23642
0.221555
0.28808
0.59489
0.24788
0.22319
0.23711
0.21092
0.7148
0.53225
0.25676
0.254975
0.213635
0.215
0.200495
0.235325
0.20297
0.352265
0.25469
0.33017
0.340535
0.4346
0.27215
0.20732
0.20489
0.20777
0.311195
0.423725
0.234515
0.2321
0.210005
0.232025
0.202565
0.22184
0.41033
0.22952
0.29129
0.21644
0.238685
0.24005
0.26576
0.22568
0.29276
0.43931
0.40847
0.45806
0.220265
0.67199
0.611585
0.273035
0.258515
0.203165
0.233525
0.309545
0.42794
0.31493
0.240455
0.2021
0.306095
0.225455
0.20402
0.48869
0.303965
0.213365
0.28997
0.70793
0.52673
0.41204
0.389585
0.22859
0.23438
0.75776
0.258305
0.216215
0.214355
0.231035
0.3506
0.29108
0.334715
0.288695
0.20024
0.23009
0.23531
0.242855
0.44603
0.27869
0.249125
0.22904
0.527975
0.374915
0.29942
0.401795
0.21554
0.370685
0.22529
0.23255
0.251675
0.288275
0.20375
0.68948
0.262355
0.34811
0.276815
0.2195
0.47333
0.22682
0.211895
0.23036
0.33878
0.259775
0.245885
0.24947
0.303755
0.222755
0.395045
0.371495
0.23657
0.20261
0.43763
0.240695
0.20963
0.21194
0.457145
0.43301
0.22196
0.513395
0.231905
0.244385
0.44579
0.27995
0.22235
0.22118
0.27251
0.289805
0.24503
0.392795
0.222425
0.246815
0.30023
0.276305
0.236195
0.259295
0.340175
0.29993
0.227525
0.21911
0.35519
0.224495
0.25397
0.64763
0.31478
0.221705
0.339635
0.236345
0.453785
0.230195
0.255995
0.26396
0.205385
0.24284
0.211835
0.20891
0.211535
0.68771
0.209
0.21914
0.711365
0.206945
0.49988
0.205415
0.211625
0.302765
0.225515
0.24491
0.29099
0.214295
0.201605
0.203165
0.358655
0.201275
0.226955
0.23975
0.247055
0.210425
0.4838
0.226625
0.41315
0.340955
0.33641
0.547115
0.24506
0.45707
0.279875
0.200165
0.264095
0.549725
0.209045
0.24716
0.59909
0.22145
0.37166
0.37805
0.213305
0.476315
0.24833
0.215315
0.227795
0.33908
0.539735
0.25166
0.414905
0.643205
0.203675
0.21536
0.254525
0.231635
0.592025
0.21074
0.219275
0.245195
0.222335
0.277235
0.236105
0.37901
0.23411
0.288665
0.249905
0.41567
0.214265
0.207575
0.21707
0.26078
0.462905
0.21809
0.217325
0.272585
0.453335
0.38909
0.31307
0.303005
0.207935
0.542225
0.21842
0.273635
0.29849
0.268445
0.411935
0.60032
0.25754
0.256505
0.45668
0.48701
0.205325
0.239705
0.206765
0.252995
0.292025
0.367595
0.21731
0.565685
0.530135
0.45896
0.248945
0.34022
0.254045
0.2627
0.216305
0.37346
0.60698
0.44438
0.244955
0.32111
0.213275
0.21824
0.20375
0.26606
0.227225
0.270635
0.53318
0.268895
0.26894
0.276125
0.200615
0.2132
0.29156
0.454055
0.29993
0.25961
0.266915
0.304325
0.23111
0.21176
0.28277
0.30755
0.255365
0.20606
0.213185
0.207785
0.664025
0.279245
0.232145
0.208775
0.220415
0.28214
0.24077
0.65228
0.20006
0.28823
0.25352
0.367295
0.305315
0.22217
0.337835
0.275525
0.215465
0.74174
0.302285
0.202595
0.358025
0.3938
0.214055
0.5
0.205865
0.226385
0.2207
0.203825
0.239015
0.309755
0.20798
0.287885
0.27476
0.25322
0.261815
0.26675
0.207935
0.332915
0.27197
0.30767
0.63746
0.216785
0.219935
0.26945
0.312575
0.23789
0.236585
0.42878
0.209135
0.23039
0.49115
0.279605
0.37973
0.208355
0.461015
0.27434
0.38417
0.288785
0.57452
0.253535
0.226445
0.37937
0.295895
0.59474
0.330395
0.253535
0.21518
0.22628
0.386585
0.290255
0.24905
0.453095
0.31262
0.383
0.328925
0.208415
0.29108
0.234965
0.45491
0.62318
0.32951
0.236975
0.203645
0.342305
0.235085
0.341495
0.23477
0.355325
0.21542
0.238265
0.38714
0.792065
0.20837
0.22991
0.386105
0.20873
0.22433
0.245405
0.255755
0.49838
0.24695
0.392525
0.218345
0.36473
0.27416
0.244265
0.23504
0.425525
0.23519
0.202985
0.202295
0.20483
0.27644
0.244115
0.23171
0.249605
0.29783
0.64706
0.21782
0.216545
0.452075
0.34907
0.204695
0.40952
0.215585
0.411755
0.20831
0.205715
0.214295
0.306425
0.200675
0.287855
0.35234
0.24347
0.30788
0.43061
0.251105
0.32372
0.203255
0.24788
0.266915
0.341645
0.22796
0.26024
0.20771
0.224645
0.410645
0.263045
0.292775
0.214565
0.25883
0.385235
0.208205
0.223175
0.22505
0.22103
0.245645
0.21134
0.236075
0.217505
0.273245
0.2204
0.211535
0.22361
0.2567
0.217955
0.235205
0.594635
0.381005
0.343745
0.443045
0.226025
0.426185
0.21452
0.24203
0.226865
0.295265
0.219215
0.38702
0.21566
0.3212
0.262355
0.296375
0.330845
0.208445
0.21797
0.25562
0.47969
0.200975
0.344765
0.208535
0.20972
0.213665
0.22685
0.207065
0.217085
0.20183
0.271385
0.237635
0.24437
0.495725
0.21311
0.395375
0.20654
0.30215
0.294665
0.35447
0.315125
0.28301
0.644345
0.22481
0.462515
0.220385
0.25613
0.218315
0.271655
0.319325
0.483365
0.21752
0.287015
0.301055
0.230045
0.232475
0.20192
0.43301
0.248585
0.202715
0.24659
0.214055
0.249575
0.20039
0.62573
0.20906
0.310115
0.21689
0.235055
0.22157
0.392255
0.241385
0.24809
0.2546
0.250955
0.20183
0.271025
0.375515
0.20528
0.293465
0.244175
0.245195
0.420575
0.53975
0.2096
0.63776
0.215765
0.23951
0.28256
0.36968
0.253655
0.43721
0.205895
0.2429
0.257345
0.22451
0.337205
0.32678
0.20108
0.275555
0.3098
0.218135
0.25592
0.386945
0.251285
0.44444
0.52478
0.239405
0.303305
0.233
0.706595
0.205265
0.22034
0.277595
0.39503
0.24539
0.369275
0.32762
0.238685
0.48929
0.20855
0.380735
0.206285
0.212105
0.20912
0.57989
0.21212
0.66086
0.202025
0.240545
0.783335
0.336185
0.208175
0.251225
0.260045
0.29789
0.464045
0.22247
0.254135
0.249155
0.429575
0.205085
0.25493
0.274145
0.315905
0.4511
0.35531
0.216545
0.20831
0.25409
0.20648
0.20306
0.305765
0.351335
0.37439
0.397235
0.2138
0.46376
0.237935
0.20966
0.257405
0.208895
0.46697
0.26693
0.244895
0.20939
0.256625
0.303305
0.462425
0.30344
0.252485
0.312755
0.31139
0.20174
0.21233
0.370505
0.2357
0.50615
0.210305
0.20897
0.22211
0.25205
0.44279
0.23804
0.20399
0.273125
0.23432
0.399845
0.227315
0.323135
0.29273
0.41927
0.24803
0.21941
0.211775
0.49463
0.27518
0.206135
0.20813
0.354815
0.220445
0.232385
0.261215
0.482555
0.297095
0.281495
0.486665
0.218735
0.214955
0.38189
0.496265
0.21089
0.225215
0.20438
0.232175
0.314555
0.238385
0.31115
0.23351
0.212435
0.20936
0.208895
0.23003
0.289895
0.379985
0.557015
0.60683
0.21935
0.21557
0.54773
0.34223
0.27077
0.27371
0.42074
0.20642
0.217655
0.227495
0.239105
0.295535
0.211385
0.342485
0.32519
0.284915
0.23285
0.236975
0.428405
0.44918
0.2132
0.201455
0.31679
0.26381
0.201785
0.264395
0.36524
0.281465
0.203405
0.39662
0.210035
0.2468
0.325685
0.20099
0.222515
0.36587
0.59843
0.479555
0.2513
0.210905
0.43748
0.573575
0.288185
0.234995
0.739535
0.232265
0.207755
0.297035
0.21239
0.263435
0.257675
0.465935
0.20303
0.27509
0.461735
0.24929
0.27338
0.22634
0.28904
0.235055
0.60299
0.20657
0.34805
0.213935
0.22343
0.23429
0.258965
0.22277
0.200945
0.414035
0.201785
0.234305
0.248585
0.287495
0.386525
0.229295
0.208265
0.32186
0.383165
0.248615
0.38351
0.20258
0.271475
0.53276
0.36731
0.41231
0.40586
0.231185
0.25466
0.630035
0.23237
0.352805
0.223655
0.226745
0.25118
0.289775
0.2465
0.20873
0.38531
0.216845
0.291635
0.412475
0.32405
0.388535
0.22616
0.442205
0.226415
0.224975
0.31355
0.213725
0.368165
0.201755
0.40205
0.250385
0.24398
0.348515
0.49784
0.20483
0.324305
0.27932
0.40523
0.22304
0.327515
0.21488
0.252995
0.23546
0.22211
0.20072
0.20267
0.227255
0.21167
0.600695
0.20639
0.42962
0.37646
0.405215
0.20492
0.239
0.23696
0.20465
0.25913
0.224555
0.252845
0.2267
0.203315
0.274625
0.25208
0.29696
0.350525
0.21353
0.26999
0.279155
0.59804
0.382865
0.25445
0.265085
0.267215
0.230495
0.287495
0.39653
0.22409
0.3794
0.271595
0.3482
0.206
0.26105
0.301175
0.252425
0.32585
0.279065
0.278285
0.213215
0.271175
0.20315
0.219515
0.47771
0.38654
0.293675
0.51326
0.398285
0.357815
0.45485
0.287735
0.497105
0.211505
0.215465
0.21038
0.27578
0.47318
0.22868
0.21128
0.36416
0.23237
0.219155
0.357215
0.224045
0.303635
0.222065
0.20495
0.22442
0.43358
0.21374
0.21155
0.26558
0.235535
0.47282
0.38045
0.40424
0.293135
0.23129
0.31499
0.256775
0.223625
0.20501
0.292625
0.285005
0.208265
0.23096
0.331565
0.27029
0.29096
0.312125
0.315125
0.31031
0.30983
0.4916
0.269885
0.33215
0.20921
0.225005
0.26648
0.218525
0.23615
0.236225
0.568475
0.2348
0.24665
0.40061
0.20783
0.20357
0.331625
0.201335
0.330575
0.2069
0.453455
0.27761
0.203195
0.25733
0.20738
0.28196
0.224555
0.376895
0.35963
0.235295
0.223055
0.36554
0.430265
0.245645
0.21095
0.21935
0.21548
0.231695
0.284975
0.378245
0.45785
0.245105
0.20165
0.30992
0.236765
0.259235
0.369965
0.561785
0.39251
0.54683
0.20939
0.35642
0.214265
0.20237
0.27563
0.226745
0.22472
0.225305
0.246605
0.26441
0.221675
0.319805
0.200135
0.585935
0.261335
0.28124
0.25607
0.219875
0.268955
0.26615
0.27437
0.283955
0.23459
0.204515
0.209855
0.33041
0.234755
0.443255
0.249515
0.26441
0.577115
0.24857
0.40802
0.200915
0.20633
0.250655
0.27914
0.20918
0.474455
0.24005
0.26825
0.52844
0.234455
0.40127
0.387035
0.2516
0.243755
0.24305
0.462725
0.407525
0.338495
0.24392
0.22025
0.229055
0.201095
0.21914
0.204575
0.24395
0.3503
0.243035
0.28223
0.36623
0.342515
0.29519
0.329765
0.21848
0.22718
0.26849
0.38942
0.473945
0.26156
0.239615
0.234845
0.422405
0.243395
0.259415
0.536585
0.209315
0.214505
0.22436
0.53369
0.448595
0.24602
0.20399
0.238505
0.20114
0.20819
0.27716
0.241535
0.24761
0.22376
0.39278
0.376895
0.20657
0.371045
0.205115
0.42407
0.28688
0.238025
0.45107
0.25469
0.312215
0.456545
0.276545
0.33869
0.20255
0.42869
0.339635
0.356135
0.20933
0.23903
0.315125
0.211175
0.558515
0.207635
0.206315
0.20603
0.30218
0.40796
0.44198
0.398465
0.30518
0.20807
0.287705
0.226715
0.218105
0.22373
0.20483
0.235445
0.253835
0.20147
0.20936
0.437555
0.207215
0.2003
0.24605
0.23216
0.201095
0.35681
0.214955
0.2339
0.392315
0.271025
0.224045
0.44072
0.202055
0.22307
0.236825
0.20168
0.205235
0.24083
0.213305
0.27605
0.444395
0.29903
0.3152
0.213155
0.404435
0.490895
0.492875
0.220505
0.215555
0.22904
0.33881
0.397985
0.31721
0.218795
0.2021
0.216395
